615 625
5268 5278
3896 3906
9073 9083
2825 2835
9198 9208
6354 6364
6934 6944
3540 3550
772 782
2573 2583
3770 3780
1478 1488
7645 7655
3709 3719
9761 9771
7598 7608
4191 4201
4006 4016
6443 6453
3091 3101
3878 3888
7691 7701
2976 2986
616 626
738 748
3048 3058
1171 1181
1393 1403
7902 7912
7490 7500
7643 7653
8269 8279
4948 4958
282 292
2323 2333
1287 1297
4222 4232
9709 9719
157 167
5702 5712
6981 6991
1081 1091
4355 4365
8475 8485
6216 6226
1309 1319
7877 7887
2126 2136
5393 5403
6230 6240
2003 2013
4304 4314
9280 9290
6752 6762
7166 7176
1833 1843
628 638
8965 8975
1318 1328
7124 7134
5277 5287
5461 5471
4010 4020
387 397
4548 4558
6228 6238
9153 9163
8152 8162
6274 6284
6989 6999
572 582
9028 9038
626 636
6476 6486
2397 2407
4094 4104
9661 9671
2560 2570
1972 1982
1831 1841
5741 5751
5198 5208
9481 9491
5366 5376
8679 8689
1956 1966
7808 7818
492 502
5320 5330
1961 1971
8984 8994
6202 6212
2684 2694
3777 3787
4735 4745
293 303
2540 2550
4156 4166
8723 8733
7296 7306
9800 9810
2464 2474
5734 5744
8537 8547
4345 4355
3420 3430
9296 9306
8257 8267
7805 7815
8625 8635
976 986
3179 3189
4211 4221
5550 5560
6419 6429
4072 4082
2481 2491
913 923
1569 1579
4178 4188
1537 1547
8959 8969
2968 2978
5519 5529
4264 4274
6570 6580
2562 2572
6695 6705
1095 1105
4275 4285
666 676
8643 8653
5650 5660
2856 2866
4056 4066
621 631
65 75
732 742
8610 8620
5583 5593
8389 8399
6234 6244
9320 9330
8421 8431
9898 9908
2773 2783
7676 7686
1963 1973
9641 9651
5478 5488
8694 8704
3056 3066
2603 2613
1268 1278
3254 3264
6096 6106
7658 7668
8882 8892
7681 7691
2402 2412
4168 4178
3997 4007
7352 7362
5814 5824
3556 3566
9548 9558
2739 2749
7286 7296
3612 3622
143 153
7218 7228
3087 3097
8072 8082
5468 5478
6861 6871
5552 5562
8395 8405
7199 7209
6463 6473
9349 9359
9758 9768
6129 6139
278 288
1920 1930
4404 4414
4074 4084
9834 9844
5736 5746
4819 4829
4219 4229
1738 1748
1119 1129
863 873
3799 3809
5264 5274
8550 8560
9451 9461
3826 3836
8590 8600
880 890
7049 7059
2948 2958
2671 2681
9541 9551
7898 7908
6765 6775
1122 1132
5763 5773
8 18
7230 7240
6379 6389
2532 2542
6049 6059
3327 3337
2121 2131
7277 7287
9424 9434
4038 4048
5442 5452
370 380
2321 2331
9344 9354
9348 9358
3905 3915
5485 5495
5680 5690
8359 8369
6710 6720
994 1004
7032 7042
2434 2444
5540 5550
2065 2075
4727 4737
310 320
8876 8886
6793 6803
8039 8049
6109 6119
2721 2731
1210 1220
8678 8688
3978 3988
189 199
8635 8645
1386 1396
2081 2091
3279 3289
5586 5596
4618 4628
864 874
798 808
2629 2639
3094 3104
5503 5513
4100 4110
1651 1661
9924 9934
3402 3412
5898 5908
9029 9039
4396 4406
2816 2826
1158 1168
2313 2323
7776 7786
1998 2008
5968 5978
2137 2147
4746 4756
5707 5717
8831 8841
9259 9269
5362 5372
7884 7894
5708 5718
3808 3818
2649 2659
8734 8744
6869 6879
6106 6116
2843 2853
7888 7898
9462 9472
3901 3911
7108 7118
3417 3427
1669 1679
6738 6748
8388 8398
8495 8505
5836 5846
7558 7568
8897 8907
9305 9315
3714 3724
3216 3226
3344 3354
4036 4046
6113 6123
2128 2138
9844 9854
7074 7084
9728 9738
9172 9182
5276 5286
8976 8986
7858 7868
3395 3405
7542 7552
9798 9808
1334 1344
8381 8391
4243 4253
7595 7605
8327 8337
9326 9336
2068 2078
198 208
2266 2276
2982 2992
3122 3132
5382 5392
549 559
4930 4940
5728 5738
3047 3057
1770 1780
6762 6772
3504 3514
4114 4124
5601 5611
2409 2419
6342 6352
2212 2222
7724 7734
3927 3937
63 73
669 679
8243 8253
8804 8814
4346 4356
6381 6391
5429 5439
2123 2133
5932 5942
4754 4764
1616 1626
4176 4186
4628 4638
5560 5570
9569 9579
9456 9466
8737 8747
2730 2740
7161 7171
1474 1484
5278 5288
4482 4492
5461 5471
5930 5940
7473 7483
9121 9131
8247 8257
3000 3010
9951 9961
7423 7433
3601 3611
3928 3938
3402 3412
5981 5991
4580 4590
3246 3256
8897 8907
8670 8680
1262 1272
5802 5812
7045 7055
9330 9340
2758 2768
2124 2134
5260 5270
4913 4923
1463 1473
2114 2124
161 171
985 995
2211 2221
8209 8219
6411 6421
49 59
1323 1333
6097 6107
6162 6172
4970 4980
7338 7348
220 230
7197 7207
6933 6943
6857 6867
2983 2993
9454 9464
9126 9136
6500 6510
3912 3922
7092 7102
3965 3975
8359 8369
1682 1692
7336 7346
2193 2203
3115 3125
8994 9004
6986 6996
8806 8816
6165 6175
7194 7204
5418 5428
6427 6437
215 225
8810 8820
14 24
6931 6941
8168 8178
4831 4841
9483 9493
3197 3207
9276 9286
2609 2619
2392 2402
6285 6295
3603 3613
3000 3010
2703 2713
4450 4460
2775 2785
1479 1489
6557 6567
9925 9935
5489 5499
4632 4642
894 904
7918 7928
3790 3800
145 155
9293 9303
7766 7776
780 790
912 922
3734 3744
3254 3264
5285 5295
7699 7709
1657 1667
4624 4634
1425 1435
8968 8978
7187 7197
4485 4495
5110 5120
5151 5161
3112 3122
4505 4515
8155 8165
6408 6418
567 577
21 31
1285 1295
2428 2438
8603 8613
2049 2059
8497 8507
3137 3147
8478 8488
462 472
9447 9457
611 621
1269 1279
761 771
7878 7888
6972 6982
4695 4705
9597 9607
6126 6136
903 913
7086 7096
5588 5598
1672 1682
3808 3818
2956 2966
887 897
8330 8340
634 644
9392 9402
5440 5450
9663 9673
309 319
2738 2748
7348 7358
7394 7404
8977 8987
2611 2621
9598 9608
2626 2636
7807 7817
3611 3621
2753 2763
7477 7487
5327 5337
5152 5162
4032 4042
2931 2941
6446 6456
5459 5469
8666 8676
7441 7451
7130 7140
2013 2023
2383 2393
4860 4870
637 647
9096 9106
9667 9677
6612 6622
288 298
2190 2200
132 142
1115 1125
8395 8405
9195 9205
8691 8701
4365 4375
2830 2840
1126 1136
2413 2423
2475 2485
4970 4980
2253 2263
5936 5946
6782 6792
3497 3507
1864 1874
4830 4840
7744 7754
7276 7286
1546 1556
561 571
3186 3196
6818 6828
1924 1934
625 635
1673 1683
4440 4450
848 858
6087 6097
9055 9065
6899 6909
2117 2127
2595 2605
5553 5563
6366 6376
3308 3318
9939 9949
4271 4281
9217 9227
9432 9442
2878 2888
7214 7224
4401 4411
2093 2103
695 705
9841 9851
7160 7170
2046 2056
3024 3034
1888 1898
2809 2819
3203 3213
9092 9102
6608 6618
1988 1998
1406 1416
5356 5366
4829 4839
8117 8127
955 965
1035 1045
9583 9593
6313 6323
8983 8993
4217 4227
1172 1182
7171 7181
1745 1755
9532 9542
4850 4860
3326 3336
4069 4079
538 548
1082 1092
353 363
7341 7351
6394 6404
7769 7779
3272 3282
7568 7578
1632 1642
6194 6204
1258 1268
164 174
2094 2104
8589 8599
3987 3997
6511 6521
9647 9657
9869 9879
4016 4026
1433 1443
5775 5785
8222 8232
5839 5849
3672 3682
1271 1281
246 256
6158 6168
6881 6891
5883 5893
2749 2759
8556 8566
2476 2486
9577 9587
8545 8555
6606 6616
8572 8582
8670 8680
2620 2630
2417 2427
9541 9551
37 47
6047 6057
5150 5160
1968 1978
4181 4191
3341 3351
1265 1275
6894 6904
8136 8146
8719 8729
397 407
558 568
8405 8415
7197 7207
1503 1513
5828 5838
9942 9952
6242 6252
4498 4508
8121 8131
5417 5427
6711 6721
2960 2970
9178 9188
4846 4856
5124 5134
766 776
7641 7651
3616 3626
989 999
6847 6857
7594 7604
975 985
6000 6010
1132 1142
1346 1356
6786 6796
1519 1529
6151 6161
5042 5052
5515 5525
7950 7960
7734 7744
8451 8461
446 456
9148 9158
9583 9593
4707 4717
5869 5879
7314 7324
3210 3220
7834 7844
6799 6809
1358 1368
6568 6578
2424 2434
1336 1346
8012 8022
4710 4720
2726 2736
7466 7476
6482 6492
4129 4139
1579 1589
7738 7748
6213 6223
8345 8355
1332 1342
7561 7571
1910 1920
241 251
385 395
3508 3518
8600 8610
4361 4371
5298 5308
6658 6668
9227 9237
9044 9054
1368 1378
1258 1268
7400 7410
5015 5025
4139 4149
9750 9760
3133 3143
5572 5582
4378 4388
2397 2407
3649 3659
6721 6731
202 212
3757 3767
1372 1382
5979 5989
6203 6213
461 471
4339 4349
3694 3704
1092 1102
3485 3495
1583 1593
5406 5416
8700 8710
4074 4084
855 865
8500 8510
8642 8652
2263 2273
5738 5748
6751 6761
3257 3267
3791 3801
6972 6982
6419 6429
3043 3053
7610 7620
3686 3696
2058 2068
8266 8276
1657 1667
4734 4744
2801 2811
1746 1756
4004 4014
929 939
1720 1730
841 851
560 570
2043 2053
4778 4788
1715 1725
6001 6011
8910 8920
1689 1699
1630 1640
4311 4321
7818 7828
8977 8987
3413 3423
7665 7675
8152 8162
2460 2470
9660 9670
8369 8379
8543 8553
1941 1951
540 550
4560 4570
4760 4770
8651 8661
707 717
1524 1534
6755 6765
2038 2048
7889 7899
4650 4660
2015 2025
9870 9880
2137 2147
7644 7654
2289 2299
1207 1217
2699 2709
5602 5612
1157 1167
83 93
2305 2315
8740 8750
4272 4282
9682 9692
8808 8818
3931 3941
9259 9269
4270 4280
3709 3719
3358 3368
2542 2552
4226 4236
6546 6556
6828 6838
8677 8687
9747 9757
456 466
629 639
9017 9027
1311 1321
9868 9878
9380 9390
9997 10007
4603 4613
8960 8970
4844 4854
3714 3724
4088 4098
3745 3755
8404 8414
5666 5676
5572 5582
7917 7927
6358 6368
368 378
4548 4558
3583 3593
56 66
6780 6790
7574 7584
3667 3677
9322 9332
1165 1175
2791 2801
7546 7556
8543 8553
9856 9866
3955 3965
8306 8316
9468 9478
2261 2271
8392 8402
244 254
9433 9443
2337 2347
9673 9683
116 126
3111 3121
3856 3866
9294 9304
5516 5526
3864 3874
83 93
9072 9082
5672 5682
3601 3611
5281 5291
4095 4105
9497 9507
6044 6054
4489 4499
5754 5764
7789 7799
2315 2325
1936 1946
6716 6726
132 142
7186 7196
804 814
1881 1891
7759 7769
3727 3737
6362 6372
7047 7057
7061 7071
8211 8221
6489 6499
671 681
9621 9631
3404 3414
9989 9999
2607 2617
7597 7607
3475 3485
4209 4219
6941 6951
3856 3866
7315 7325
2613 2623
6623 6633
8175 8185
4680 4690
3618 3628
8677 8687
9199 9209
454 464
6689 6699
9659 9669
5995 6005
8887 8897
3307 3317
8498 8508
291 301
4778 4788
6656 6666
7330 7340
7052 7062
1319 1329
7999 8009
3911 3921
3279 3289
5451 5461
9720 9730
5531 5541
7717 7727
2802 2812
5598 5608
3639 3649
2518 2528
5595 5605
7146 7156
689 699
6245 6255
577 587
5462 5472
7578 7588
8642 8652
540 550
4433 4443
6906 6916
7563 7573
7074 7084
9893 9903
4864 4874
4074 4084
339 349
9054 9064
177 187
6766 6776
8065 8075
9995 10005
7316 7326
8398 8408
7864 7874
2076 2086
5586 5596
3262 3272
7977 7987
6255 6265
7815 7825
2738 2748
6896 6906
8572 8582
26 36
9501 9511
9450 9460
7131 7141
4542 4552
8966 8976
9752 9762
44 54
3537 3547
7847 7857
8118 8128
2543 2553
6581 6591
9282 9292
8504 8514
3059 3069
6314 6324
8207 8217
9256 9266
9069 9079
3816 3826
156 166
4649 4659
3204 3214
4844 4854
4108 4118
8075 8085
6304 6314
415 425
8871 8881
7214 7224
