615 1230
5268 10536
3896 7792
9073 18146
2825 5650
9198 18396
6354 12708
6934 13868
3540 7080
772 1544
2573 5146
3770 7540
1478 2956
7645 15290
3709 7418
9761 19522
7598 15196
4191 8382
4006 8012
6443 12886
3091 6182
3878 7756
7691 15382
2976 5952
616 1232
738 1476
3048 6096
1171 2342
1393 2786
7902 15804
7490 14980
7643 15286
8269 16538
4948 9896
282 564
2323 4646
1287 2574
4222 8444
9709 19418
157 314
5702 11404
6981 13962
1081 2162
4355 8710
8475 16950
6216 12432
1309 2618
7877 15754
2126 4252
5393 10786
6230 12460
2003 4006
4304 8608
9280 18560
6752 13504
7166 14332
1833 3666
628 1256
8965 17930
1318 2636
7124 14248
5277 10554
5461 10922
4010 8020
387 774
4548 9096
6228 12456
9153 18306
8152 16304
6274 12548
6989 13978
572 1144
9028 18056
626 1252
6476 12952
2397 4794
4094 8188
9661 19322
2560 5120
1972 3944
1831 3662
5741 11482
5198 10396
9481 18962
5366 10732
8679 17358
1956 3912
7808 15616
492 984
5320 10640
1961 3922
8984 17968
6202 12404
2684 5368
3777 7554
4735 9470
293 586
2540 5080
4156 8312
8723 17446
7296 14592
9800 19600
2464 4928
5734 11468
8537 17074
4345 8690
3420 6840
9296 18592
8257 16514
7805 15610
8625 17250
976 1952
3179 6358
4211 8422
5550 11100
6419 12838
4072 8144
2481 4962
913 1826
1569 3138
4178 8356
1537 3074
8959 17918
2968 5936
5519 11038
4264 8528
6570 13140
2562 5124
6695 13390
1095 2190
4275 8550
666 1332
8643 17286
5650 11300
2856 5712
4056 8112
621 1242
65 130
732 1464
8610 17220
5583 11166
8389 16778
6234 12468
9320 18640
8421 16842
9898 19796
2773 5546
7676 15352
1963 3926
9641 19282
5478 10956
8694 17388
3056 6112
2603 5206
1268 2536
3254 6508
6096 12192
7658 15316
8882 17764
7681 15362
2402 4804
4168 8336
3997 7994
7352 14704
5814 11628
3556 7112
9548 19096
2739 5478
7286 14572
3612 7224
143 286
7218 14436
3087 6174
8072 16144
5468 10936
6861 13722
5552 11104
8395 16790
7199 14398
6463 12926
9349 18698
9758 19516
6129 12258
278 556
1920 3840
4404 8808
4074 8148
9834 19668
5736 11472
4819 9638
4219 8438
1738 3476
1119 2238
863 1726
3799 7598
5264 10528
8550 17100
9451 18902
3826 7652
8590 17180
880 1760
7049 14098
2948 5896
2671 5342
9541 19082
7898 15796
6765 13530
1122 2244
5763 11526
8 16
7230 14460
6379 12758
2532 5064
6049 12098
3327 6654
2121 4242
7277 14554
9424 18848
4038 8076
5442 10884
370 740
2321 4642
9344 18688
9348 18696
3905 7810
5485 10970
5680 11360
8359 16718
6710 13420
994 1988
7032 14064
2434 4868
5540 11080
2065 4130
4727 9454
310 620
8876 17752
6793 13586
8039 16078
6109 12218
2721 5442
1210 2420
8678 17356
3978 7956
189 378
8635 17270
1386 2772
2081 4162
3279 6558
5586 11172
4618 9236
864 1728
798 1596
2629 5258
3094 6188
5503 11006
4100 8200
1651 3302
9924 19848
3402 6804
5898 11796
9029 18058
4396 8792
2816 5632
1158 2316
2313 4626
7776 15552
1998 3996
5968 11936
2137 4274
4746 9492
5707 11414
8831 17662
9259 18518
5362 10724
7884 15768
5708 11416
3808 7616
2649 5298
8734 17468
6869 13738
6106 12212
2843 5686
7888 15776
9462 18924
3901 7802
7108 14216
3417 6834
1669 3338
6738 13476
8388 16776
8495 16990
5836 11672
7558 15116
8897 17794
9305 18610
3714 7428
3216 6432
3344 6688
4036 8072
6113 12226
2128 4256
9844 19688
7074 14148
9728 19456
9172 18344
5276 10552
8976 17952
7858 15716
3395 6790
7542 15084
9798 19596
1334 2668
8381 16762
4243 8486
7595 15190
8327 16654
9326 18652
2068 4136
198 396
2266 4532
2982 5964
3122 6244
5382 10764
549 1098
4930 9860
5728 11456
3047 6094
1770 3540
6762 13524
3504 7008
4114 8228
5601 11202
2409 4818
6342 12684
2212 4424
7724 15448
3927 7854
63 126
669 1338
8243 16486
8804 17608
4346 8692
6381 12762
5429 10858
2123 4246
5932 11864
4754 9508
1616 3232
4176 8352
4628 9256
5560 11120
9569 19138
9456 18912
8737 17474
2730 5460
7161 14322
1474 2948
5278 10556
4482 8964
5461 10922
5930 11860
7473 14946
9121 18242
8247 16494
3000 6000
9951 19902
7423 14846
3601 7202
3928 7856
3402 6804
5981 11962
4580 9160
3246 6492
8897 17794
8670 17340
1262 2524
5802 11604
7045 14090
9330 18660
2758 5516
2124 4248
5260 10520
4913 9826
1463 2926
2114 4228
161 322
985 1970
2211 4422
8209 16418
6411 12822
49 98
1323 2646
6097 12194
6162 12324
4970 9940
7338 14676
220 440
7197 14394
6933 13866
6857 13714
2983 5966
9454 18908
9126 18252
6500 13000
3912 7824
7092 14184
3965 7930
8359 16718
1682 3364
7336 14672
2193 4386
3115 6230
8994 17988
6986 13972
8806 17612
6165 12330
7194 14388
5418 10836
6427 12854
215 430
8810 17620
14 28
6931 13862
8168 16336
4831 9662
9483 18966
3197 6394
9276 18552
2609 5218
2392 4784
6285 12570
3603 7206
3000 6000
2703 5406
4450 8900
2775 5550
1479 2958
6557 13114
9925 19850
5489 10978
4632 9264
894 1788
7918 15836
3790 7580
145 290
9293 18586
7766 15532
780 1560
912 1824
3734 7468
3254 6508
5285 10570
7699 15398
1657 3314
4624 9248
1425 2850
8968 17936
7187 14374
4485 8970
5110 10220
5151 10302
3112 6224
4505 9010
8155 16310
6408 12816
567 1134
21 42
1285 2570
2428 4856
8603 17206
2049 4098
8497 16994
3137 6274
8478 16956
462 924
9447 18894
611 1222
1269 2538
761 1522
7878 15756
6972 13944
4695 9390
9597 19194
6126 12252
903 1806
7086 14172
5588 11176
1672 3344
3808 7616
2956 5912
887 1774
8330 16660
634 1268
9392 18784
5440 10880
9663 19326
309 618
2738 5476
7348 14696
7394 14788
8977 17954
2611 5222
9598 19196
2626 5252
7807 15614
3611 7222
2753 5506
7477 14954
5327 10654
5152 10304
4032 8064
2931 5862
6446 12892
5459 10918
8666 17332
7441 14882
7130 14260
2013 4026
2383 4766
4860 9720
637 1274
9096 18192
9667 19334
6612 13224
288 576
2190 4380
132 264
1115 2230
8395 16790
9195 18390
8691 17382
4365 8730
2830 5660
1126 2252
2413 4826
2475 4950
4970 9940
2253 4506
5936 11872
6782 13564
3497 6994
1864 3728
4830 9660
7744 15488
7276 14552
1546 3092
561 1122
3186 6372
6818 13636
1924 3848
625 1250
1673 3346
4440 8880
848 1696
6087 12174
9055 18110
6899 13798
2117 4234
2595 5190
5553 11106
6366 12732
3308 6616
9939 19878
4271 8542
9217 18434
9432 18864
2878 5756
7214 14428
4401 8802
2093 4186
695 1390
9841 19682
7160 14320
2046 4092
3024 6048
1888 3776
2809 5618
3203 6406
9092 18184
6608 13216
1988 3976
1406 2812
5356 10712
4829 9658
8117 16234
955 1910
1035 2070
9583 19166
6313 12626
8983 17966
4217 8434
1172 2344
7171 14342
1745 3490
9532 19064
4850 9700
3326 6652
4069 8138
538 1076
1082 2164
353 706
7341 14682
6394 12788
7769 15538
3272 6544
7568 15136
1632 3264
6194 12388
1258 2516
164 328
2094 4188
8589 17178
3987 7974
6511 13022
9647 19294
9869 19738
4016 8032
1433 2866
5775 11550
8222 16444
5839 11678
3672 7344
1271 2542
246 492
6158 12316
6881 13762
5883 11766
2749 5498
8556 17112
2476 4952
9577 19154
8545 17090
6606 13212
8572 17144
8670 17340
2620 5240
2417 4834
9541 19082
37 74
6047 12094
5150 10300
1968 3936
4181 8362
3341 6682
1265 2530
6894 13788
8136 16272
8719 17438
397 794
558 1116
8405 16810
7197 14394
1503 3006
5828 11656
9942 19884
6242 12484
4498 8996
8121 16242
5417 10834
6711 13422
2960 5920
9178 18356
4846 9692
5124 10248
766 1532
7641 15282
3616 7232
989 1978
6847 13694
7594 15188
975 1950
6000 12000
1132 2264
1346 2692
6786 13572
1519 3038
6151 12302
5042 10084
5515 11030
7950 15900
7734 15468
8451 16902
446 892
9148 18296
9583 19166
4707 9414
5869 11738
7314 14628
3210 6420
7834 15668
6799 13598
1358 2716
6568 13136
2424 4848
1336 2672
8012 16024
4710 9420
2726 5452
7466 14932
6482 12964
4129 8258
1579 3158
7738 15476
6213 12426
8345 16690
1332 2664
7561 15122
1910 3820
241 482
385 770
3508 7016
8600 17200
4361 8722
5298 10596
6658 13316
9227 18454
9044 18088
1368 2736
1258 2516
7400 14800
5015 10030
4139 8278
9750 19500
3133 6266
5572 11144
4378 8756
2397 4794
3649 7298
6721 13442
202 404
3757 7514
1372 2744
5979 11958
6203 12406
461 922
4339 8678
3694 7388
1092 2184
3485 6970
1583 3166
5406 10812
8700 17400
4074 8148
855 1710
8500 17000
8642 17284
2263 4526
5738 11476
6751 13502
3257 6514
3791 7582
6972 13944
6419 12838
3043 6086
7610 15220
3686 7372
2058 4116
8266 16532
1657 3314
4734 9468
2801 5602
1746 3492
4004 8008
929 1858
1720 3440
841 1682
560 1120
2043 4086
4778 9556
1715 3430
6001 12002
8910 17820
1689 3378
1630 3260
4311 8622
7818 15636
8977 17954
3413 6826
7665 15330
8152 16304
2460 4920
9660 19320
8369 16738
8543 17086
1941 3882
540 1080
4560 9120
4760 9520
8651 17302
707 1414
1524 3048
6755 13510
2038 4076
7889 15778
4650 9300
2015 4030
9870 19740
2137 4274
7644 15288
2289 4578
1207 2414
2699 5398
5602 11204
1157 2314
83 166
2305 4610
8740 17480
4272 8544
9682 19364
8808 17616
3931 7862
9259 18518
4270 8540
3709 7418
3358 6716
2542 5084
4226 8452
6546 13092
6828 13656
8677 17354
9747 19494
456 912
629 1258
9017 18034
1311 2622
9868 19736
9380 18760
9997 19994
4603 9206
8960 17920
4844 9688
3714 7428
4088 8176
3745 7490
8404 16808
5666 11332
5572 11144
7917 15834
6358 12716
368 736
4548 9096
3583 7166
56 112
6780 13560
7574 15148
3667 7334
9322 18644
1165 2330
2791 5582
7546 15092
8543 17086
9856 19712
3955 7910
8306 16612
9468 18936
2261 4522
8392 16784
244 488
9433 18866
2337 4674
9673 19346
116 232
3111 6222
3856 7712
9294 18588
5516 11032
3864 7728
83 166
9072 18144
5672 11344
3601 7202
5281 10562
4095 8190
9497 18994
6044 12088
4489 8978
5754 11508
7789 15578
2315 4630
1936 3872
6716 13432
132 264
7186 14372
804 1608
1881 3762
7759 15518
3727 7454
6362 12724
7047 14094
7061 14122
8211 16422
6489 12978
671 1342
9621 19242
3404 6808
9989 19978
2607 5214
7597 15194
3475 6950
4209 8418
6941 13882
3856 7712
7315 14630
2613 5226
6623 13246
8175 16350
4680 9360
3618 7236
8677 17354
9199 18398
454 908
6689 13378
9659 19318
5995 11990
8887 17774
3307 6614
8498 16996
291 582
4778 9556
6656 13312
7330 14660
7052 14104
1319 2638
7999 15998
3911 7822
3279 6558
5451 10902
9720 19440
5531 11062
7717 15434
2802 5604
5598 11196
3639 7278
2518 5036
5595 11190
7146 14292
689 1378
6245 12490
577 1154
5462 10924
7578 15156
8642 17284
540 1080
4433 8866
6906 13812
7563 15126
7074 14148
9893 19786
4864 9728
4074 8148
339 678
9054 18108
177 354
6766 13532
8065 16130
9995 19990
7316 14632
8398 16796
7864 15728
2076 4152
5586 11172
3262 6524
7977 15954
6255 12510
7815 15630
2738 5476
6896 13792
8572 17144
26 52
9501 19002
9450 18900
7131 14262
4542 9084
8966 17932
9752 19504
44 88
3537 7074
7847 15694
8118 16236
2543 5086
6581 13162
9282 18564
8504 17008
3059 6118
6314 12628
8207 16414
9256 18512
9069 18138
3816 7632
156 312
4649 9298
3204 6408
4844 9688
4108 8216
8075 16150
6304 12608
415 830
8871 17742
7214 14428
