7573 114746100
9709 188587620
6135 75313264
2753 15174540
4413 38975620
3788 28720620
907 1650744
7792 121477284
9375 175837504
285 164164
4194 35204440
3920 30756324
5447 59372304
9204 169482460
245 121524
9040 163497444
2238 10030720
4567 41742384
2457 12088444
4547 41377704
1061 2257812
7357 108295044
2560 13122564
14 480
4555 41523384
6254 78262560
2820 15921724
1852 6870924
1496 4485012
6875 94572504
291 171112
9949 198024900
6939 96341080
4587 42108664
9217 169961484
4527 41014624
664 885780
9860 194498364
2990 17898144
2035 8294664
1692 5735884
8695 151258224
7071 100040512
2249 10129500
9970 198861624
980 1926684
485 473364
5232 54779044
9185 168783564
2927 17152224
7547 113959704
4767 45477184
3193 20409660
9440 178283844
5465 59765244
4530 41068984
460 425964
1078 2330640
2379 11333560
2254 10174560
4562 41651064
1028 2119740
7705 118780284
4646 43198512
8096 131139012
9643 186032760
6216 77314612
5899 69631800
2929 17175660
759 1156720
1705 5824284
4139 34287480
6527 85242624
7000 98042004
8927 159436224
1313 3455820
9800 192138804
1777 6326124
8954 160401960
1879 7072560
1050 2211304
4467 39934984
4561 41632812
8416 141708612
8785 154405164
8641 149385612
4630 42901584
8668 150320460
2693 14520660
6079 73944960
2437 11892564
5704 65105460
4557 41559844
4083 33366280
8759 153492720
688 950820
9644 186071340
8737 152722764
3175 20180304
4332 37558444
8620 148660524
8653 149800740
9977 199140924
5965 71198244
8735 152652864
188 71820
8276 137034012
5750 66159504
6994 97874040
1061 2257812
5508 60709180
7149 102259300
6810 92793064
3228 20859340
5250 55156504
404 328860
9906 196317112
7684 118133820
7086 100465312
652 854124
3600 25941604
1157 2684244
9988 199580220
3442 23715384
9029 163099860
4608 42494980
5978 71508840
487 477264
2562 13143064
3285 21602164
6758 91381680
6600 87159604
5321 56658012
2102 8849424
752 1135524
6231 77688112
3571 25525512
8378 140432040
9127 166659024
58 7080
6210 77165464
9257 171439644
3351 22478512
7274 105865800
8520 145231924
5130 52664584
9092 165383484
5259 55345720
6550 85844304
1174 2763600
2796 15652012
2267 10292184
7896 124741012
2660 14167164
8545 146085324
624 782500
152 47124
3318 22038160
1398 3917200
7144 102116340
8342 139227984
2866 16445112
3672 26989204
9334 174303120
9620 185146524
235 111864
3840 29514244
4962 49272664
7573 114746100
6478 83967840
4170 34802824
5361 57512812
7058 99673080
4100 33644604
4643 43142760
2227 9932424
4170 34802824
334 225120
7797 121633204
761 1162812
3787 28705464
9677 187346724
8341 139194612
1315 3466344
6075 73847704
3531 24957112
352 249924
4505 40617084
1223 2998800
6200 76917204
3277 21497124
1956 7663612
8977 161226924
9129 166732060
3173 20154900
647 841104
4538 41214120
4835 46783464
6208 77115780
7140 102002044
8841 156379612
8291 137531112
2928 17163940
4080 33317284
1701 5797012
7485 112095364
7380 108973084
2809 15797820
6491 84305112
6252 78212524
3153 19901740
7160 102574164
4219 35625240
8332 138894444
731 1073112
5646 63788512
182 67344
5088 51806020
5968 71269860
8859 157016920
803 1294440
8834 156132120
8662 150112464
3180 20243884
5078 51602640
5202 54152824
7542 113808784
2023 8197200
6835 93475464
4026 32441512
1686 5695312
3773 28493700
5161 53302812
5872 68996004
4028 32473740
3450 23825704
3133 19650180
6349 80657700
9762 190651864
6428 82676940
4968 49391860
4176 34903012
5714 65333880
1756 6177612
4227 35760424
4778 45687240
9501 180595012
7967 126993984
4491 40365112
5006 50150112
7115 101289144
2665 14220444
8268 136769260
2072 8598804
3073 18905100
1940 7538844
4343 37749360
2219 9861240
240 116644
8742 152897584
7925 125658804
2689 14477580
2147 9232104
2693 14520660
449 405900
8947 160151304
7646 116968512
6570 86369224
3112 19387764
3986 31800312
5546 61549512
3250 21144504
2961 17552812
5725 65585604
3829 29345460
1741 6072612
3984 31768420
8017 128592684
1790 6418944
1493 4467060
8204 134660460
2282 10428744
4156 34569612
2449 12009900
8997 161946004
9835 193513464
9600 184377604
1867 6982584
2457 12088444
1000 2006004
9749 190144500
5733 65768980
5187 53841064
6615 87556144
4845 46977124
8131 132275112
8271 136868512
579 673960
6013 72348420
8107 131495544
1808 6548580
9948 197985100
3080 18991284
6664 88857780
9026 162991512
5426 58915512
7799 121695600
2208 9763780
2567 13194384
3188 20345820
2717 14780484
1243 3097560
2189 9596580
5386 58050312
2493 12445060
6424 82574100
1403 3945240
4312 37212564
6912 95592964
3447 23784304
8741 152862612
8493 144313060
3044 18550140
6554 85949160
7328 107443140
1738 6051720
6837 93530164
8903 158580240
4264 36388980
1379 3811560
3920 30756324
4959 49213120
8311 138195312
889 1585980
6087 74139664
9699 188199400
1219 2979240
7542 113808784
6107 74627544
1664 5547780
1611 5200312
37 2964
7011 98350312
8066 130169112
1755 6170584
733 1078980
8963 160724520
1978 7836840
507 517144
7039 99137280
7568 114594660
1179 2787160
8072 130362804
2948 17399100
8368 140097060
7955 126611784
1096 2409012
7086 100465312
1242 3092584
5877 69113524
9976 199101012
9269 171884340
351 248512
6324 80023900
8063 130072320
6011 72300312
3261 21287812
9675 187269304
3049 18611100
6197 76842804
3624 26288500
776 1209012
924 1713100
4375 38307504
9188 168893820
9968 198781860
4923 48501400
5393 58201260
146 43512
1421 4047012
1928 7445940
8040 129331444
8285 137332164
6010 72276264
6108 74651980
7976 127281012
7485 112095364
9582 183686944
7185 103291564
7989 127696180
7832 122727444
8619 148626040
39 3280
5586 62440312
849 1446700
4452 39667324
7122 101488504
1634 5349720
8158 133154880
8272 136901604
3685 27180564
59 7320
1712 5872164
8267 136736184
5529 61172860
3646 26608512
4946 48955512
6189 76644580
713 1021020
333 223780
4823 46551600
7392 109327684
6854 93995760
5998 71988000
8132 132307644
4870 47463024
2382 11362144
6715 90222744
1895 7193424
3354 22518760
5169 53468140
806 1304112
5033 50692380
5700 65014204
5687 64718064
5184 53778820
9613 184877220
4552 41468724
3361 22612812
6247 78087504
7730 119552184
1574 4964400
4516 40815612
9684 187617820
8190 134201344
114 26680
2272 10337604
6586 86790312
6369 81166540
2938 17281320
6337 80353164
2051 8425512
6901 95289012
7585 115109964
3843 29560360
9725 189209604
9127 166659024
5509 60731220
6969 97175740
5539 61394280
8002 128112024
4519 40869840
4203 35355640
1559 4870320
1628 5310540
1801 6498012
9792 191825284
139 39480
9691 187889112
5148 53034700
575 664704
4899 48029800
8163 133318120
4779 45706360
5278 55746240
1651 5461512
749 1126500
9628 185454540
4516 40815612
7270 105749424
3292 21694284
9538 182004120
306 189112
1899 7223800
1803 6512440
4937 48777564
2162 9361464
9825 193120204
816 1336612
7899 124835800
6862 94215264
64 8580
1880 7080084
6810 92793064
9999 200020000
3613 26129220
5281 55809612
8799 154897600
2595 13483624
8643 149454760
3672 26989204
8863 157158720
9405 176964484
5135 52767264
6790 92248944
8244 135976540
1683 5675080
9390 176400544
5955 70959784
998 1998000
9101 165711012
626 787512
2946 17375512
2563 13153320
5041 50853612
7212 104069164
7308 106857580
4261 36337812
9572 183303804
849 1446700
7722 119304904
9211 169740312
5328 56807140
7093 100663860
5638 63607920
7263 105545920
3186 20320312
8929 159507660
9984 199420420
107 23544
2643 13986760
7642 116846184
7428 110394940
6291 79191112
9535 181889664
1355 3680184
8031 129042112
5184 53778820
4680 43832884
2467 12186984
9531 181737112
4809 46281820
3260 21274764
9717 188898484
9086 165165312
5377 57856524
6307 79594344
220 98124
3886 30225312
8229 135482260
2738 15009720
3257 21235644
2725 14867604
8356 139695612
790 1252944
2633 13881180
3595 25869624
4215 35557744
1648 5441700
179 65160
4864 47346180
1867 6982584
5411 58590312
9094 165456240
6604 87265260
491 485112
950 1810704
4273 36542700
9742 189871584
9998 199980000
1763 6226920
723 1049800
6623 87768000
37 2964
7070 100012224
6087 74139664
7096 100749012
4979 49610760
7418 110097960
8507 144789144
6606 87318112
5140 52870044
425 363804
6135 75313264
6033 72830380
2135 9129264
7785 121259164
7342 107853984
9475 179608104
9473 179532300
6338 80378520
4616 42642612
6398 81907200
2658 14145880
8984 161478420
2828 16012140
3021 18271012
9488 180101220
9460 179039964
6059 73459320
2699 14585400
6101 74481012
6483 84097480
1828 6694140
6511 84825312
1548 4801900
2266 10283112
8694 151223440
5175 53592304
3066 18819112
3040 18501444
8318 138428160
7328 107443140
5380 57921084
592 704484
6164 76026780
7832 122727444
6007 72204144
5000 50030004
1174 2763600
7906 125057112
6589 86869380
5828 67966140
9124 166549500
9442 178359384
458 422280
893 1600260
2809 15797820
1834 6738120
6329 80150460
1360 3707364
8010 128368264
2831 16046112
2114 8950680
1143 2619760
5920 70128324
108 23980
1866 6975112
9910 196475664
9117 166294084
802 1291224
9334 174303120
3031 18392112
7875 124078504
704 995460
6872 94490004
8495 144381024
9921 196912012
4977 49570924
220 98124
6167 76100784
2861 16387812
5826 67919512
2565 13173844
5478 60049840
6285 79040164
256 132612
1094 2400240
6523 85138200
4717 44528484
8193 134299660
341 234612
6787 92167464
5152 53117124
634 807720
3527 24900624
381 292612
6937 96285564
1549 4808100
8051 129685512
7097 100777404
1521 4636012
856 1470612
9222 170145904
5778 66805240
5696 64923012
2030 8253984
5623 63270000
2626 13807512
3998 31992000
1780 6347484
1387 3855864
5326 56764512
2924 17117100
3723 27743800
1346 3631512
1364 3729180
1963 7718520
6374 81294000
7650 117090904
5321 56658012
8010 128368264
7442 110811384
4155 34552984
6888 94930420
8147 132796104
7076 100182012
9037 163388964
487 477264
1274 3253800
2716 14769612
1 12
9581 183648612
7952 126516324
5281 55809612
1740 6065644
6257 78337644
4151 34486512
9072 164656804
8557 146495844
9407 177039744
8901 158509012
6051 73265512
559 628320
958 1841280
9663 186805120
6154 75780360
9733 189520980
3630 26375584
2544 12959140
6245 78037524
3292 21694284
281 159612
3180 20243884
2749 15130500
815 1333344
3803 28948440
1760 6205764
7946 126325512
4256 36252612
5909 69868020
8254 136306560
5856 68620612
8668 150320460
3666 26901112
6580 86632284
5066 51359112
2839 16136880
4721 44604012
9113 166148220
3735 27922864
4078 33284640
2303 10621440
5189 53882580
9953 198184140
8473 143634300
3224 20807700
1001 2010012
2810 15809064
8567 146838384
6936 96257812
4823 46551600
3579 25639960
8770 153878424
1020 2086924
7950 126452704
9072 164656804
1287 3320464
5843 68316360
5763 66458920
5852 68526924
1583 5021280
5174 53571600
844 1429740
8855 156875184
8642 149420184
2422 11746704
1490 4449144
1030 2127984
6561 86132812
4891 47873112
8217 135087484
6992 97818084
1709 5851620
4992 49870084
7066 99899112
8794 154721640
2866 16445112
2880 16606084
5460 59655964
6234 77762920
270 147424
1336 3577812
8737 152722764
5101 52071012
7939 126103080
2403 11563240
8936 159757812
7882 124299144
2072 8598804
9809 192491820
778 1215240
4871 47482512
9500 180557004
6189 76644580
6142 75485184
3063 18782320
9744 189949540
4310 37178064
5487 60247264
3113 19400220
6221 77439012
9510 180937264
9694 188005440
4521 40906012
2412 11649964
1896 7201012
9548 182385900
9145 167316924
4416 39028612
2343 10993360
1123 2529000
6117 74872084
1285 3310164
7916 125373612
3053 18659940
9185 168783564
723 1049800
5129 52644060
6705 89954284
5986 71700312
453 413140
9127 166659024
6748 91111500
927 1724224
2481 12325612
3050 18623304
6517 84981684
3839 29498880
2294 10538640
7798 121664400
5852 68526924
8647 149593104
1949 7608900
3213 20666020
4957 49173444
487 477264
9642 185994184
2608 13618980
8759 153492720
2789 15573780
9654 186457360
7898 124804200
6367 81115584
4830 46686784
72 10804
6777 91896124
1050 2211304
586 690312
4213 35524020
5249 55135500
1622 5271504
3633 26419180
3694 27313440
9529 181660860
6328 80125140
8793 154686460
5195 54007224
9815 192727344
3142 19763184
3234 20936920
9405 176964484
2694 14531440
4478 40131840
6247 78087504
6419 82445640
9137 167024364
5567 62016384
3465 24033244
8564 146735580
2010 8092264
7114 101260680
5745 66044524
9999 200020000
8955 160437784
7340 107795244
1528 4678740
4931 48659112
7734 119675920
4505 40617084
7591 115292112
9736 189637812
9323 173892600
9277 172181124
8529 145538860
1900 7231404
8424 141978100
5657 64037244
5425 58893804
1338 3588520
6924 95925100
1637 5369364
5360 57491364
7422 110216704
8868 157336060
2013 8116420
6958 96869280
2597 13504404
903 1636240
3553 25268940
4944 48915940
776 1209012
6045 73120324
6141 75460612
115 27144
6183 76496080
5392 58179684
1550 4814304
3741 28012612
2384 11381220
724 1052700
3263 21313920
6449 83217900
1242 3092584
3920 30756324
2142 9189184
702 989824
7504 112665060
8640 149351044
1254 3152560
4501 40545012
1176 2773012
2038 8319120
9559 182806320
3332 22224444
4205 35389284
3976 31641012
9993 199780060
4677 43776724
6916 95703612
6294 79266640
8053 129749940
6095 74334624
6066 73629112
4434 39347320
4190 35137344
8257 136405644
1763 6226920
1755 6170584
4580 41980284
5535 61305664
4031 32522112
5999 72012000
3648 26637700
7854 123417760
7781 121134612
7856 123480612
5144 52952340
9846 193946512
7683 118103080
1191 2844112
7857 123512044
5735 65814864
5856 68620612
8488 144143220
5977 71484924
2805 15752884
5336 56977812
6490 84279144
5905 69773484
6984 97594420
8015 128528544
5949 70816900
4059 32975320
4284 36731020
5590 62529744
981 1930612
5611 63000312
6869 94407540
8497 144449004
6196 76818012
8623 148764000
4913 48304620
3781 28614612
4878 47619040
9969 198821740
3061 18757812
5977 71484924
7431 110484112
9628 185454540
2154 9292360
7255 105313584
259 135720
4866 47385112
8690 151084344
36 2812
4850 47074104
4068 33121660
4497 40473004
1711 5865312
1871 7012512
5607 62910544
5596 62664012
7617 116083084
7106 101033112
2679 14370160
4798 46070400
8828 155920140
7057 99644844
926 1720512
5229 54716260
1988 7916220
6076 73872012
6666 88911112
411 340312
9163 167976120
3159 19977520
1562 4889064
2172 9448204
2922 17093704
